spawns:
  default:
    world: 6570c590-73ae-461c-b9c9-7d214772451e
    world-name: world
    x: -132.84469741547068
    y: 64.0
    z: 279.6663801574888
    yaw: -359.30255126953125
    pitch: 58.63618469238281
