spawns:
  default:
    world: 6570c590-73ae-461c-b9c9-7d214772451e
    world-name: world
    x: -61.16192725997321
    y: 73.0
    z: 244.69999998807907
    yaw: -178.775634765625
    pitch: 29.58156394958496
