spawns:
  default:
    world: 942ea46f-ab5a-41a4-ad9a-d87d18f835c9
    world-name: world
    x: 0.5032931260828101
    y: 60.0
    z: -17.49853937930678
    yaw: -179.84495544433594
    pitch: 4.808221817016602
