spawns:
  default:
    world: 942ea46f-ab5a-41a4-ad9a-d87d18f835c9
    world-name: world
    x: 0.5
    y: 60.0
    z: -18.5
    yaw: -180.02317810058594
    pitch: -1.6078953742980957
