spawns:
  default:
    world: 6570c590-73ae-461c-b9c9-7d214772451e
    world-name: world
    x: 97.68730304425078
    y: 98.0
    z: 172.5524473139434
    yaw: -89.3064193725586
    pitch: 42.77024841308594
